Z=0.00045
X=1.00657
