Z=0.03346
X=1.00747
