J=0.0, Z=0.00017
J=0.3, Z=0.10167
J=0.2, Z=0.06779
J=0.1, Z=0.03381
